# Created by Octave 5.1.0, Tue Oct 29 12:38:19 2019 GMT <unknown@bubnivoj-NB>
# name: vload_max
# type: matrix
# rows: 1001
# columns: 1
 0
 0.024929946288466454
 0.049858991056680679
 0.074792854487895966
 0.099727548658847809
 0.12465433031320572
 0.14958687126636505
 0.17452503740787506
 0.19946347177028656
 0.22438515722751617
 0.24931803345680237
 0.27425089478492737
 0.29918381571769714
 0.32411676645278931
 0.34904968738555908
 0.37398263812065125
 0.39897263050079346
 0.42384859919548035
 0.44878160953521729
 0.47371459007263184
 0.49865373969078064
 0.52358061075210571
 0.54857730865478516
 0.57351875305175781
 0.59851193428039551
 0.62343084812164307
 0.64824593067169189
 0.673179030418396
 0.69811207056045532
 0.72306615114212036
 0.74797827005386353
 0.77291136980056763
 0.7978445291519165
 0.82300049066543579
 0.84771072864532471
 0.87264388799667358
 0.89757704734802246
 0.92251014709472656
 0.94744330644607544
 0.97237646579742432
 0.99730384349822998
 1.0221570730209351
 1.047421932220459
 1.0724033117294312
 1.0970360040664673
 1.1211972236633301
 1.1460144519805908
 1.1708247661590576
 1.1953445672988892
 1.2190787792205811
 1.2436190843582153
 1.2716672420501709
 1.2964556217193604
 1.3216208219528198
 1.3465299606323242
 1.3715085983276367
 1.3957400321960449
 1.4215153455734253
 1.4464842081069946
 1.4713972806930542
 1.4963839054107666
 1.5213038921356201
 1.5461597442626953
 1.57098388671875
 1.5959025621414185
 1.620756983757019
 1.6457056999206543
 1.6702225208282471
 1.6957416534423828
 1.7203887701034546
 1.7446463108062744
 1.7687739133834839
 1.7939271926879883
 1.8180437088012695
 1.8395893573760986
 1.8702094554901123
 1.8954395055770874
 1.9203026294708252
 1.9445921182632446
 1.9698776006698608
 1.9950809478759766
 2.0199449062347412
 2.0450575351715088
 2.0698719024658203
 2.0938832759857178
 2.1182613372802734
 2.1441469192504883
 2.1697711944580078
 2.1942167282104492
 2.2192511558532715
 2.2443480491638184
 2.269547700881958
 2.2942306995391846
 2.3187987804412842
 2.3441271781921387
 2.3672170639038086
 2.3919057846069336
 2.4177358150482178
 2.4367556571960449
 2.4629478454589844
 2.4884014129638672
 2.5168216228485107
 2.5438790321350098
 2.5686061382293701
 2.5932927131652832
 2.6179895401000977
 2.6427958011627197
 2.667614221572876
 2.6924922466278076
 2.717320442199707
 2.743342399597168
 2.7677280902862549
 2.7918846607208252
 2.8154656887054443
 2.8398933410644531
 2.8619873523712158
 2.8868606090545654
 2.9117207527160645
 2.942695140838623
 2.9678468704223633
 2.9921970367431641
 3.0170588493347168
 3.0400784015655518
 3.0673470497131348
 3.0925109386444092
 3.117382287979126
 3.1423759460449219
 3.1668379306793213
 3.1923038959503174
 3.2163746356964111
 3.2421603202819824
 3.2671334743499756
 3.2913827896118164
 3.3135273456573486
 3.3412084579467773
 3.3655831813812256
 3.3908398151397705
 3.4155478477478027
 3.4415919780731201
 3.4661755561828613
 3.4895198345184326
 3.5153298377990723
 3.541027307510376
 3.5664002895355225
 3.5912206172943115
 3.6161525249481201
 3.641141414642334
 3.6656076908111572
 3.6872599124908447
 3.713294506072998
 3.7389602661132812
 3.7647056579589844
 3.7889919281005859
 3.8157956600189209
 3.8329935073852539
 3.8637309074401855
 3.8903927803039551
 3.9156026840209961
 3.9402704238891602
 3.9653506278991699
 3.9897279739379883
 4.0151653289794922
 4.0402579307556152
 4.0652480125427246
 4.0894913673400879
 4.1149635314941406
 4.1396794319152832
 4.1649169921875
 4.1894969940185547
 4.2053518295288086
 4.2396383285522461
 4.2643003463745117
 4.2895665168762207
 4.3144121170043945
 4.3386659622192383
 4.3637681007385254
 4.3892688751220703
 4.4128899574279785
 4.4376583099365234
 4.4642558097839355
 4.4872326850891113
 4.5141096115112305
 4.5390539169311523
 4.5638971328735352
 4.5885543823242188
 4.612760066986084
 4.6372251510620117
 4.6637716293334961
 4.6883697509765625
 4.7100429534912109
 4.7343111038208008
 4.7597885131835938
 4.7833080291748047
 4.8084201812744141
 4.8353328704833984
 4.8598437309265137
 4.8844814300537109
 4.9089536666870117
 4.9335708618164062
 4.9583234786987305
 4.9829421043395996
 5.0077013969421387
 5.0356168746948242
 5.0592589378356934
 5.0840086936950684
 5.108335018157959
 5.133091926574707
 5.1621136665344238
 5.1861515045166016
 5.2123303413391113
 5.2349343299865723
 5.2618269920349121
 5.2872285842895508
 5.3119683265686035
 5.3371462821960449
 5.3620672225952148
 5.3869767189025879
 5.4119453430175781
 5.4367566108703613
 5.4611687660217285
 5.4851231575012207
 5.5099740028381348
 5.5353202819824219
 5.5605077743530273
 5.5846209526062012
 5.6108245849609375
 5.6364002227783203
 5.6613473892211914
 5.6858291625976562
 5.7111139297485352
 5.7344169616699219
 5.7607831954956055
 5.7843494415283203
 5.8106341361999512
 5.8339118957519531
 5.8607544898986816
 5.8856725692749023
 5.9100065231323242
 5.9342999458312988
 5.9594559669494629
 5.9843149185180664
 6.0104503631591797
 6.0311150550842285
 6.0546164512634277
 6.0847830772399902
 6.1078991889953613
 6.1328091621398926
 6.1589446067810059
 6.1846623420715332
 6.2096734046936035
 6.2184710502624512
 6.2449274063110352
 6.2846970558166504
 6.3073301315307617
 6.3310160636901855
 6.3563227653503418
 6.3845834732055664
 6.4093294143676758
 6.4341440200805664
 6.4464893341064453
 6.4803390502929688
 6.5084676742553711
 6.5330572128295898
 6.5568304061889648
 6.5825929641723633
 6.6089496612548828
 6.6335029602050781
 6.6587085723876953
 6.6838259696960449
 6.7081503868103027
 6.7338528633117676
 6.7577600479125977
 6.7831354141235352
 6.8086452484130859
 6.8335299491882324
 6.857933521270752
 6.8834047317504883
 6.9077458381652832
 6.9333248138427734
 6.9575901031494141
 6.983006477355957
 7.0067644119262695
 7.0317034721374512
 7.0580897331237793
 7.0791463851928711
 7.1079010963439941
 7.132805347442627
 7.1572184562683105
 7.182619571685791
 7.2068209648132324
 7.2326583862304688
 7.2575011253356934
 7.2812252044677734
 7.3060564994812012
 7.3309540748596191
 7.3558673858642578
 7.3807864189147949
 7.4057106971740723
 7.430640697479248
 7.4555673599243164
 7.4804625511169434
 7.505490779876709
 7.5302047729492188
 7.555088996887207
 7.5796217918395996
 7.6043767929077148
 7.6304683685302734
 7.6552267074584961
 7.6811923980712891
 7.7048120498657227
 7.7300262451171875
 7.7563424110412598
 7.7809886932373047
 7.8054013252258301
 7.8309159278869629
 7.855679988861084
 7.8782353401184082
 7.9053306579589844
 7.9283466339111328
 7.9473066329956055
 7.9807462692260742
 8.0045204162597656
 8.0292901992797852
 8.0555868148803711
 8.0741872787475586
 8.1035118103027344
 8.122950553894043
 8.1527643203735352
 8.171483039855957
 8.2021579742431641
 8.2215251922607422
 8.2453784942626953
 8.27972412109375
 8.3020524978637695
 8.3193721771240234
 8.3435268402099609
 8.3755531311035156
 8.4011697769165039
 8.429804801940918
 8.4481878280639648
 8.4796648025512695
 8.503300666809082
 8.5284891128540039
 8.5468235015869141
 8.5714168548583984
 8.6001052856445312
 8.6207723617553711
 8.6454906463623047
 8.6508102416992188
 8.6756267547607422
 8.7004451751708984
 8.7252750396728516
 8.7501049041748047
 8.7749338150024414
 8.7997627258300781
 8.8245906829833984
 8.8747005462646484
 8.9014053344726562
 8.9269504547119141
 8.9516878128051758
 8.9771728515625
 9.0021486282348633
 9.0262985229492188
 9.0513877868652344
 9.0692424774169922
 9.0973892211914062
 9.1249475479125977
 9.145503044128418
 9.1710090637207031
 9.1977558135986328
 9.2217140197753906
 9.2468185424804688
 9.2722930908203125
 9.2975215911865234
 9.3226079940795898
 9.3478641510009766
 9.377507209777832
 9.4024629592895508
 9.4273214340209961
 9.4522075653076172
 9.4772768020629883
 9.5021829605102539
 9.5271692276000977
 9.551661491394043
 9.5770330429077148
 9.6018400192260742
 9.6266584396362305
 9.6510457992553711
 9.6766014099121094
 9.7013053894042969
 9.7265405654907227
 9.751002311706543
 9.7754974365234375
