# Created by Octave 5.1.0, Sun Sep 29 14:42:58 2019 GMT <unknown@bubnivoj-NB>
# name: vsrc_max
# type: matrix
# rows: 201
# columns: 1
 0
 0.49996906518936157
 0.99993813037872314
 1.4999071955680847
 1.9998762607574463
 2.4998607635498047
 2.9998143911361694
 3.4999892711639404
 3.999974250793457
 4.4993877410888672
 4.9999794960021973
 5.4993667602539062
 5.9998717308044434
 6.4994726181030273
 6.997755765914917
 7.4997458457946777
 7.9999947547912598
 8.4999899864196777
 8.9999856948852539
 9.4999828338623047
 9.999600887298584
 10.499982357025146
 10.999996185302734
 11.499825954437256
 11.999810218811035
 12.498945713043213
 12.992734432220459
 13.49941349029541
 13.999798774719238
 14.499935150146484
 14.99152660369873
 15.49947452545166
 15.997814655303955
 16.499977111816406
 16.999752044677734
 17.499997138977051
 17.999935150146484
 18.499979019165039
 18.999777793884277
 19.499947547912598
 19.999399185180664
 20.499649047851562
 20.999722480773926
 21.499935150146484
 21.999106407165527
 22.499954223632812
 22.998692512512207
 23.499822616577148
 23.999999046325684
 24.49998950958252
 24.999856948852539
 25.499432563781738
 25.999948501586914
 26.499999046325684
 26.999832153320312
 27.499999046325684
 28
 28.499784469604492
 28.998401641845703
 29.499994277954102
 29.993771553039551
 30.499377250671387
 30.99935245513916
 31.499704360961914
 31.999485015869141
 32.499979019165039
 32.999977111816406
 33.49650764465332
 33.999904632568359
 34.499994277954102
 34.999269485473633
 35.495796203613281
 35.999906539916992
 36.499870300292969
 36.999862670898438
 37.499841690063477
 37.999279022216797
 38.499824523925781
 38.999870300292969
 39.498483657836914
 39.998527526855469
 40.499998092651367
 40.999961853027344
 41.499975204467773
 41.999984741210938
 42.499979019165039
 42.999984741210938
 43.498706817626953
 43.999992370605469
 44.499568939208984
 44.999860763549805
 45.499919891357422
 45.999675750732422
 46.499807357788086
 46.999961853027344
 47.499868392944336
 47.999374389648438
 48.498394012451172
 48.999637603759766
 49.499483108520508
 49.99629020690918
 50.498836517333984
 50.999996185302734
 51.499546051025391
 51.999607086181641
 52.499889373779297
 52.999885559082031
 53.496116638183594
 53.993396759033203
 54.499761581420898
 54.998771667480469
 55.499801635742188
 55.999965667724609
 56.499950408935547
 56.996124267578125
 57.499481201171875
 57.996969223022461
 58.499164581298828
 58.999210357666016
 59.498186111450195
 59.999919891357422
 60.49934196472168
 60.999860763549805
 61.499858856201172
 61.998680114746094
 62.499790191650391
 62.99940299987793
 63.499971389770508
 64
 64.499820709228516
 64.999771118164062
 65.499374389648438
 65.999099731445312
 66.49993896484375
 66.999675750732422
 67.499973297119141
 67.999217987060547
 68.499618530273438
 68.999992370605469
 69.499626159667969
 69.997714996337891
 70.499073028564453
 70.994213104248047
 71.499221801757812
 71.999862670898438
 72.499305725097656
 72.999961853027344
 73.499565124511719
 73.999988555908203
 74.499778747558594
 74.998294830322266
 75.499462127685547
 75.999336242675781
 76.499336242675781
 76.999443054199219
 77.49737548828125
 77.999568939208984
 78.499515533447266
 78.999992370605469
 79.499931335449219
 79.999950408935547
 80.499839782714844
 80.999839782714844
 81.49951171875
 81.999561309814453
 82.499618530273438
 82.999820709228516
 83.499885559082031
 83.99993896484375
 84.499980926513672
 84.999588012695312
 85.499916076660156
 86
 86.499645233154297
 86.999984741210938
 87.499988555908203
 87.999404907226562
 88.497562408447266
 88.999912261962891
 89.5
 89.999710083007812
 90.499313354492188
 90.999984741210938
 91.499992370605469
 91.999187469482422
 92.499526977539062
 93
 93.499702453613281
 93.999988555908203
 94.499649047851562
 94.999889373779297
 95.499996185302734
 95.999340057373047
 96.499324798583984
 96.998897552490234
 97.499965667724609
 97.998039245605469
 98.499664306640625
 98.995704650878906
 99.499893188476562
 99.995883941650391


