# Created by Octave 5.1.0, Sun Nov 10 13:00:51 2019 GMT <unknown@bubnivoj-NB>
# name: from_firmware
# type: matrix
# rows: 8185
# columns: 2
0
32
1
44
2
57
3
69
4
82
5
94
6
107
7
119
8
132
9
144
10
157
11
169
12
182
13
194
14
207
15
219
16
232
17
237
18
243
19
248
20
253
21
259
22
264
23
269
24
274
25
280
26
285
27
290
28
296
29
301
30
306
31
312
32
317
33
323
34
329
35
334
36
340
37
346
38
352
39
358
40
363
41
369
42
375
43
381
44
387
45
393
46
398
47
404
48
410
49
415
50
420
51
425
52
430
53
435
54
440
55
445
56
450
57
456
58
461
59
466
60
471
61
476
62
481
63
486
64
491
65
496
66
501
67
506
68
510
69
515
70
520
71
525
72
530
73
535
74
540
75
545
76
549
77
554
78
559
79
564
80
569
81
574
82
578
83
583
84
587
85
592
86
596
87
601
88
605
89
610
90
615
91
619
92
624
93
628
94
633
95
637
96
642
97
646
98
651
99
655
100
660
101
664
102
669
103
673
104
678
105
682
106
687
107
691
108
696
109
700
110
705
111
709
112
714
113
718
114
723
115
727
116
731
117
736
118
740
119
745
120
749
121
753
122
758
123
762
124
766
125
771
126
775
127
780
128
784
129
788
130
793
131
797
132
801
133
806
134
810
135
814
136
818
137
823
138
827
139
831
140
836
141
840
142
844
143
849
144
853
145
857
146
861
147
866
148
870
149
874
150
878
151
883
152
887
153
891
154
895
155
900
156
904
157
908
158
912
159
917
160
921
161
925
162
929
163
933
164
937
165
942
166
946
167
950
168
954
169
958
170
962
171
966
172
970
173
975
174
979
175
983
176
987
177
991
178
995
179
999
180
1003
181
1008
182
1012
183
1016
184
1020
185
1024
186
1028
187
1032
188
1036
189
1041
190
1045
191
1049
192
1053
193
1057
194
1061
195
1065
196
1069
197
1073
198
1077
199
1081
200
1085
201
1090
202
1094
203
1098
204
1102
205
1106
206
1110
207
1114
208
1118
209
1122
210
1126
211
1130
212
1134
213
1138
214
1142
215
1146
216
1150
217
1154
218
1158
219
1162
220
1166
221
1170
222
1174
223
1178
224
1182
225
1186
226
1190
227
1194
228
1198
229
1202
230
1206
231
1210
232
1213
233
1217
234
1221
235
1225
236
1229
237
1233
238
1237
239
1241
240
1245
241
1249
242
1254
243
1258
244
1262
245
1267
246
1271
247
1276
248
1280
249
1284
250
1289
251
1293
252
1297
253
1302
254
1306
255
1311
256
1315
257
1319
258
1323
259
1326
260
1330
261
1334
262
1338
263
1342
264
1346
265
1349
266
1353
267
1357
268
1361
269
1365
270
1369
271
1372
272
1376
273
1380
274
1384
275
1388
276
1392
277
1395
278
1399
279
1403
280
1407
281
1411
282
1415
283
1418
284
1422
285
1426
286
1430
287
1434
288
1437
289
1441
290
1445
291
1449
292
1453
293
1457
294
1460
295
1464
296
1468
297
1472
298
1476
299
1480
300
1483
301
1487
302
1491
303
1495
304
1499
305
1503
306
1506
307
1510
308
1514
309
1518
310
1522
311
1526
312
1529
313
1533
314
1537
315
1541
316
1545
317
1549
318
1552
319
1556
320
1560
321
1564
322
1568
323
1571
324
1575
325
1579
326
1583
327
1587
328
1591
329
1594
330
1598
331
1602
332
1606
333
1610
334
1614
335
1617
336
1621
337
1625
338
1629
339
1633
340
1637
341
1640
342
1644
343
1648
344
1652
345
1656
346
1660
347
1663
348
1667
349
1671
350
1675
351
1679
352
1682
353
1686
354
1690
355
1694
356
1698
357
1702
358
1705
359
1709
360
1713
361
1717
362
1721
363
1725
364
1728
365
1732
366
1736
367
1740
368
1744
369
1748
370
1751
371
1755
372
1759
373
1763
374
1767
375
1771
376
1774
377
1778
378
1782
379
1786
380
1790
381
1794
382
1797
383
1801
384
1805
385
1809
386
1813
387
1816
388
1820
389
1824
390
1828
391
1832
392
1836
393
1839
394
1843
395
1847
396
1851
397
1855
398
1859
399
1862
400
1866
401
1870
402
1874
403
1878
404
1882
405
1885
406
1889
407
1893
408
1897
409
1901
410
1905
411
1908
412
1912
413
1916
414
1920
415
1924
416
1927
417
1931
418
1935
419
1939
420
1943
421
1947
422
1950
423
1954
424
1958
425
1962
426
1966
427
1970
428
1973
429
1977
430
1981
431
1985
432
1989
433
1993
434
1996
435
2000
436
2004
437
2008
438
2012
439
2016
440
2019
441
2023
442
2027
443
2031
444
2035
445
2039
446
2042
447
2046
448
2050
449
2054
450
2058
451
2061
452
2065
453
2069
454
2073
455
2077
456
2081
457
2084
458
2088
459
2092
460
2096
461
2100
462
2104
463
2107
464
2111
465
2115
466
2119
467
2123
468
2127
469
2130
470
2134
471
2138
472
2142
473
2146
474
2150
475
2153
476
2157
477
2161
478
2165
479
2169
480
2172
481
2176
482
2180
483
2184
484
2188
485
2192
486
2195
487
2199
488
2203
489
2207
490
2211
491
2215
492
2218
493
2222
494
2226
495
2230
496
2234
497
2238
498
2241
499
2245
500
2249
501
2253
502
2257
503
2261
504
2264
505
2268
506
2272
507
2276
508
2280
509
2284
510
2287
511
2291
512
2297
513
2301
514
2304
515
2308
516
2312
517
2316
518
2319
519
2323
520
2327
521
2330
522
2334
523
2338
524
2341
525
2345
526
2349
527
2353
528
2356
529
2360
530
2364
531
2367
532
2371
533
2375
534
2378
535
2382
536
2386
537
2390
538
2393
539
2397
540
2401
541
2404
542
2408
543
2412
544
2415
545
2419
546
2423
547
2427
548
2430
549
2434
550
2438
551
2441
552
2445
553
2449
554
2453
555
2456
556
2460
557
2464
558
2467
559
2471
560
2475
561
2478
562
2482
563
2486
564
2490
565
2493
566
2497
567
2501
568
2504
569
2508
570
2512
571
2515
572
2519
573
2523
574
2527
575
2530
576
2534
577
2538
578
2541
579
2545
580
2549
581
2553
582
2556
583
2560
584
2564
585
2567
586
2571
587
2575
588
2578
589
2582
590
2586
591
2590
592
2593
593
2597
594
2601
595
2604
596
2608
597
2612
598
2615
599
2619
600
2623
601
2627
602
2630
603
2634
604
2638
605
2641
606
2645
607
2649
608
2652
609
2656
610
2660
611
2664
612
2667
613
2671
614
2675
615
2678
616
2682
617
2686
618
2690
619
2693
620
2697
621
2701
622
2704
623
2708
624
2712
625
2715
626
2719
627
2723
628
2727
629
2730
630
2734
631
2738
632
2741
633
2745
634
2749
635
2752
636
2756
637
2760
638
2764
639
2767
640
2771
641
2775
642
2778
643
2782
644
2786
645
2790
646
2793
647
2797
648
2801
649
2804
650
2808
651
2812
652
2815
653
2819
654
2823
655
2827
656
2830
657
2834
658
2838
659
2841
660
2845
661
2849
662
2852
663
2856
664
2860
665
2864
666
2867
667
2871
668
2875
669
2878
670
2882
671
2886
672
2889
673
2893
674
2897
675
2901
676
2904
677
2908
678
2912
679
2915
680
2919
681
2923
682
2927
683
2930
684
2934
685
2938
686
2941
687
2945
688
2949
689
2952
690
2956
691
2960
692
2964
693
2967
694
2971
695
2975
696
2978
697
2982
698
2986
699
2989
700
2993
701
2997
702
3001
703
3004
704
3008
705
3012
706
3015
707
3019
708
3023
709
3027
710
3030
711
3034
712
3038
713
3041
714
3045
715
3049
716
3052
717
3056
718
3060
719
3064
720
3067
721
3071
722
3075
723
3078
724
3082
725
3086
726
3089
727
3093
728
3097
729
3101
730
3104
731
3108
732
3112
733
3115
734
3119
735
3123
736
3126
737
3130
738
3134
739
3138
740
3141
741
3145
742
3149
743
3152
744
3156
745
3160
746
3164
747
3167
748
3171
749
3175
750
3178
751
3182
752
3186
753
3189
754
3193
755
3197
756
3201
757
3204
758
3208
759
3212
760
3215
761
3219
762
3223
763
3226
764
3230
765
3234
766
3238
767
3241
768
3246
769
3250
770
3253
771
3257
772
3261
773
3264
774
3268
775
3272
776
3275
777
3279
778
3283
779
3286
780
3290
781
3294
782
3297
783
3301
784
3304
785
3308
786
3312
787
3315
788
3319
789
3323
790
3326
791
3330
792
3334
793
3337
794
3341
795
3345
796
3348
797
3352
798
3356
799
3359
800
3363
801
3367
802
3370
803
3374
804
3378
805
3381
806
3385
807
3389
808
3392
809
3396
810
3400
811
3403
812
3407
813
3411
814
3414
815
3418
816
3421
817
3425
818
3429
819
3432
820
3436
821
3440
822
3443
823
3447
824
3451
825
3454
826
3458
827
3462
828
3465
829
3469
830
3473
831
3476
832
3480
833
3484
834
3487
835
3491
836
3495
837
3498
838
3502
839
3506
840
3509
841
3513
842
3517
843
3520
844
3524
845
3528
846
3531
847
3535
848
3538
849
3542
850
3546
851
3549
852
3553
853
3557
854
3560
855
3564
856
3568
857
3571
858
3575
859
3579
860
3582
861
3586
862
3590
863
3593
864
3597
865
3601
866
3604
867
3608
868
3612
869
3615
870
3619
871
3623
872
3626
873
3630
874
3634
875
3637
876
3641
877
3645
878
3648
879
3652
880
3655
881
3659
882
3663
883
3666
884
3670
885
3674
886
3677
887
3681
888
3685
889
3688
890
3692
891
3696
892
3699
893
3703
894
3707
895
3710
896
3714
897
3718
898
3721
899
3725
900
3729
901
3732
902
3736
903
3740
904
3743
905
3747
